<<<<<<< HEAD
32 32
30 16
9 9 9 9 9 9 9 9 9 9 9 9 9 9 9 2 9 9 9 9 9 9 9 9 9 9 9 9 9 9 9 9
9 0 0 0 0 0 0 0 0 0 0 0 0 7 0 0 0 0 0 0 0 0 0 0 0 0 0 0 0 0 0 9
9 0 0 9 0 0 0 0 0 0 0 0 0 9 0 9 9 7 0 0 0 0 0 0 0 7 0 0 0 0 0 9
9 0 9 9 9 9 9 0 0 0 9 9 9 9 9 0 9 9 9 9 0 0 0 9 9 9 9 9 9 0 0 9
9 0 9 0 0 0 0 0 0 0 8 0 0 9 0 0 0 8 0 9 9 0 0 9 0 0 0 0 0 3 8 9
9 0 9 0 0 0 3 0 9 0 0 0 0 9 0 0 0 0 0 0 0 0 0 0 0 0 0 0 0 0 0 9
9 0 9 9 9 0 0 9 9 9 9 0 0 0 0 0 0 0 0 0 0 0 9 0 0 0 8 7 9 0 0 9
9 0 0 9 0 0 0 0 9 0 0 0 9 9 9 9 9 9 9 9 0 0 9 9 9 9 9 9 9 0 0 9
9 0 0 0 8 0 9 9 9 0 0 0 0 8 0 0 0 0 0 9 0 0 0 9 0 0 0 0 0 0 0 9
9 0 0 0 0 0 0 0 0 0 0 0 0 0 0 0 0 9 9 9 0 0 0 9 0 0 0 0 0 0 0 9
9 0 0 9 0 0 0 0 0 7 0 9 0 0 0 0 0 9 0 0 0 0 9 9 9 9 0 0 9 0 0 9
9 0 0 9 0 9 0 0 0 0 0 9 0 0 9 9 9 9 0 0 0 0 0 0 0 0 0 0 9 0 0 9
9 0 0 9 9 9 0 0 0 0 0 9 0 0 0 0 0 0 0 0 0 0 0 0 0 9 0 0 9 0 0 9 
9 0 0 0 0 0 0 0 0 0 0 9 9 9 9 0 0 0 0 9 0 0 9 0 0 9 9 9 9 7 0 9
9 0 0 9 0 0 0 0 0 0 0 0 0 0 9 0 0 9 9 9 0 0 9 0 0 0 0 0 0 0 0 9
9 0 0 9 9 9 9 9 9 0 0 9 0 0 0 0 0 9 0 0 0 9 9 9 9 0 9 9 0 0 0 9
9 0 0 0 0 0 0 0 0 0 0 9 0 0 0 0 0 9 0 0 0 0 0 0 0 3 0 9 9 9 0 9
9 0 0 0 0 8 0 0 0 0 9 9 9 9 9 0 0 9 0 0 7 0 0 0 0 0 0 0 0 0 8 9
9 8 0 9 0 0 0 0 3 0 0 0 0 0 0 0 0 9 0 0 0 0 0 8 9 9 0 0 0 0 0 9
9 0 0 9 7 0 0 0 0 0 0 0 0 0 0 0 8 9 0 0 0 9 9 0 0 9 0 0 0 0 0 9
9 0 0 9 9 9 9 9 9 9 9 0 0 9 9 9 9 9 9 9 9 9 0 0 0 9 9 9 9 0 0 9
9 0 0 9 0 0 0 0 0 0 0 0 0 0 0 0 0 0 7 0 0 0 0 0 0 0 0 0 9 0 0 9
9 0 0 0 0 0 0 0 0 0 0 0 0 0 0 0 0 0 0 0 0 0 0 9 0 0 9 9 9 0 0 9
9 0 0 9 9 9 9 0 0 9 9 9 9 9 9 0 0 0 0 0 9 9 9 9 0 0 9 0 0 0 0 9
9 0 0 7 9 0 0 0 0 0 0 9 0 0 9 0 0 9 0 0 9 0 0 9 0 0 9 9 9 0 0 9
9 0 0 0 9 0 0 0 0 0 0 9 0 0 9 0 8 9 0 0 9 0 0 0 0 0 0 0 0 0 0 9
9 0 0 0 0 0 0 9 0 0 9 9 0 0 9 0 0 9 0 0 9 0 0 0 0 0 7 0 0 0 0 9
9 0 0 9 9 0 0 9 0 0 0 9 0 0 9 0 0 9 0 0 0 0 0 0 9 9 9 9 9 0 0 9
9 0 9 9 0 0 9 9 9 9 9 9 0 0 9 9 9 9 9 9 0 0 9 9 9 0 0 9 0 0 0 9
9 0 0 0 0 0 0 8 0 0 0 0 0 0 0 0 0 0 0 0 0 0 0 0 0 0 0 8 0 0 0 9
9 0 0 0 0 0 0 0 0 0 0 0 0 0 0 0 0 0 0 0 0 0 0 0 0 0 0 0 0 0 0 9
=======
32 32
30 16
9 9 9 9 9 9 9 9 9 9 9 9 9 9 9 2 9 9 9 9 9 9 9 9 9 9 9 9 9 9 9 9
9 0 0 0 0 0 0 0 0 0 0 0 0 7 0 0 0 0 0 0 0 0 0 0 0 0 0 0 0 0 0 9
9 0 0 9 0 0 0 0 0 0 0 0 0 9 0 9 9 7 0 0 0 0 0 0 0 7 0 0 0 0 0 9
9 0 9 9 9 9 9 0 0 0 9 9 9 9 9 0 9 9 9 9 0 0 0 9 9 9 9 9 9 0 0 9
9 0 9 0 0 0 0 0 0 0 8 0 0 9 0 0 0 8 0 9 9 0 0 9 0 0 0 0 0 3 8 9
9 0 9 0 0 0 3 0 9 0 0 0 0 9 0 0 0 0 0 0 0 0 0 0 0 0 0 0 0 0 0 9
9 0 9 9 9 0 0 9 9 9 9 0 0 0 0 0 0 0 0 0 0 0 9 0 0 0 8 7 9 0 0 9
9 0 0 9 0 0 0 0 9 0 0 0 9 9 9 9 9 9 9 9 0 0 9 9 9 9 9 9 9 0 0 9
9 0 0 0 8 0 9 9 9 0 0 0 0 8 0 0 0 0 0 9 0 0 0 9 0 0 0 0 0 0 0 9
9 0 0 0 0 0 0 0 0 0 0 0 0 0 0 0 0 9 9 9 0 0 0 9 0 0 0 0 0 0 0 9
9 0 0 9 0 0 0 0 0 7 0 9 0 0 0 0 0 9 0 0 0 0 9 9 9 9 0 0 9 0 0 9
9 0 0 9 0 9 0 0 0 0 0 9 0 0 9 9 9 9 0 0 0 0 0 0 0 0 0 0 9 0 0 9
9 0 0 9 9 9 0 0 0 0 0 9 0 0 0 0 0 0 0 0 0 0 0 0 0 9 0 0 9 0 0 9 
9 0 0 0 0 0 0 0 0 0 0 9 9 9 9 0 0 0 0 9 0 0 9 0 0 9 9 9 9 7 0 9
9 0 0 9 0 0 0 0 0 0 0 0 0 0 9 0 0 9 9 9 0 0 9 0 0 0 0 0 0 0 0 9
9 0 0 9 9 9 9 9 9 0 0 9 0 0 0 0 0 9 0 0 0 9 9 9 9 0 9 9 0 0 0 9
9 0 0 0 0 0 0 0 0 0 0 9 0 0 0 0 0 9 0 0 0 0 0 0 0 3 0 9 9 9 0 9
9 0 0 0 0 8 0 0 0 0 9 9 9 9 9 0 0 9 0 0 7 0 0 0 0 0 0 0 0 0 8 9
9 8 0 9 0 0 0 0 3 0 0 0 0 0 0 0 0 9 0 0 0 0 0 8 9 9 0 0 0 0 0 9
9 0 0 9 7 0 0 0 0 0 0 0 0 0 0 0 8 9 0 0 0 9 9 0 0 9 0 0 0 0 0 9
9 0 0 9 9 9 9 9 9 9 9 0 0 9 9 9 9 9 9 9 9 9 0 0 0 9 9 9 9 0 0 9
9 0 0 9 0 0 0 0 0 0 0 0 0 0 0 0 0 0 7 0 0 0 0 0 0 0 0 0 9 0 0 9
9 0 0 0 0 0 0 0 0 0 0 0 0 0 0 0 0 0 0 0 0 0 0 9 0 0 9 9 9 0 0 9
9 0 0 9 9 9 9 0 0 9 9 9 9 9 9 0 0 0 0 0 9 9 9 9 0 0 9 0 0 0 0 9
9 0 0 7 9 0 0 0 0 0 0 9 0 0 9 0 0 9 0 0 9 0 0 9 0 0 9 9 9 0 0 9
9 0 0 0 9 0 0 0 0 0 0 9 0 0 9 0 8 9 0 0 9 0 0 0 0 0 0 0 0 0 0 9
9 0 0 0 0 0 0 9 0 0 9 9 0 0 9 0 0 9 0 0 9 0 0 0 0 0 7 0 0 0 0 9
9 0 0 9 9 0 0 9 0 0 0 9 0 0 9 0 0 9 0 0 0 0 0 0 9 9 9 9 9 0 0 9
9 0 9 9 0 0 9 9 9 9 9 9 0 0 9 9 9 9 9 9 0 0 9 9 9 0 0 9 0 0 0 9
9 0 0 0 0 0 0 8 0 0 0 0 0 0 0 0 0 0 0 0 0 0 0 0 0 0 0 8 0 0 0 9
9 0 0 0 0 0 0 0 0 0 0 0 0 0 0 0 0 0 0 0 0 0 0 0 0 0 0 0 0 0 0 9
>>>>>>> 4fea0ba43f4db5f1c1fff0cfde3904eb9d2a1804
9 9 9 9 9 9 9 9 9 9 9 9 9 9 9 9 9 9 9 9 9 9 9 9 9 9 9 9 9 9 9 9